{
 "cells": [
  {
   "cell_type": "code",
   "execution_count": 1,
   "metadata": {},
   "outputs": [],
   "source": [
    "import sys \n",
    "sys.path.insert(0, '/Kiffya_10_acc/SolarStrategy-Insight/')"
   ]
  },
  {
   "cell_type": "code",
   "execution_count": 2,
   "metadata": {},
   "outputs": [],
   "source": [
    "import pandas as pd\n",
    "import numpy as np\n",
    "from scripts.Moonlight_EDA import DataPreprocessor"
   ]
  },
  {
   "cell_type": "code",
   "execution_count": 10,
   "metadata": {},
   "outputs": [],
   "source": [
    "benin_df=pd.read_csv('../data/benin-malanville.csv')\n",
    "sirraleon_df=pd.read_csv('../data/sierraleone-bumbuna.csv')\n",
    "togo_df=pd.read_csv('../data/togo-dapaong_qc.csv')"
   ]
  },
  {
   "cell_type": "code",
   "execution_count": 4,
   "metadata": {},
   "outputs": [],
   "source": [
    "# file_path='../data/benin-malanville.csv'\n",
    "dp=DataPreprocessor('../data/benin-malanville.csv')"
   ]
  },
  {
   "cell_type": "code",
   "execution_count": 5,
   "metadata": {},
   "outputs": [],
   "source": [
    "dp.load_data()"
   ]
  },
  {
   "cell_type": "code",
   "execution_count": 6,
   "metadata": {},
   "outputs": [
    {
     "data": {
      "text/html": [
       "<div>\n",
       "<style scoped>\n",
       "    .dataframe tbody tr th:only-of-type {\n",
       "        vertical-align: middle;\n",
       "    }\n",
       "\n",
       "    .dataframe tbody tr th {\n",
       "        vertical-align: top;\n",
       "    }\n",
       "\n",
       "    .dataframe thead th {\n",
       "        text-align: right;\n",
       "    }\n",
       "</style>\n",
       "<table border=\"1\" class=\"dataframe\">\n",
       "  <thead>\n",
       "    <tr style=\"text-align: right;\">\n",
       "      <th></th>\n",
       "      <th>Timestamp</th>\n",
       "      <th>GHI</th>\n",
       "      <th>DNI</th>\n",
       "      <th>DHI</th>\n",
       "      <th>ModA</th>\n",
       "      <th>ModB</th>\n",
       "      <th>Tamb</th>\n",
       "      <th>RH</th>\n",
       "      <th>WS</th>\n",
       "      <th>WSgust</th>\n",
       "      <th>WSstdev</th>\n",
       "      <th>WD</th>\n",
       "      <th>WDstdev</th>\n",
       "      <th>BP</th>\n",
       "      <th>Cleaning</th>\n",
       "      <th>Precipitation</th>\n",
       "      <th>TModA</th>\n",
       "      <th>TModB</th>\n",
       "      <th>Comments</th>\n",
       "    </tr>\n",
       "  </thead>\n",
       "  <tbody>\n",
       "    <tr>\n",
       "      <th>0</th>\n",
       "      <td>2021-08-09 00:01</td>\n",
       "      <td>-1.2</td>\n",
       "      <td>-0.2</td>\n",
       "      <td>-1.1</td>\n",
       "      <td>0.0</td>\n",
       "      <td>0.0</td>\n",
       "      <td>26.2</td>\n",
       "      <td>93.4</td>\n",
       "      <td>0.0</td>\n",
       "      <td>0.4</td>\n",
       "      <td>0.1</td>\n",
       "      <td>122.1</td>\n",
       "      <td>0.0</td>\n",
       "      <td>998</td>\n",
       "      <td>0</td>\n",
       "      <td>0.0</td>\n",
       "      <td>26.3</td>\n",
       "      <td>26.2</td>\n",
       "      <td>NaN</td>\n",
       "    </tr>\n",
       "    <tr>\n",
       "      <th>1</th>\n",
       "      <td>2021-08-09 00:02</td>\n",
       "      <td>-1.1</td>\n",
       "      <td>-0.2</td>\n",
       "      <td>-1.1</td>\n",
       "      <td>0.0</td>\n",
       "      <td>0.0</td>\n",
       "      <td>26.2</td>\n",
       "      <td>93.6</td>\n",
       "      <td>0.0</td>\n",
       "      <td>0.0</td>\n",
       "      <td>0.0</td>\n",
       "      <td>0.0</td>\n",
       "      <td>0.0</td>\n",
       "      <td>998</td>\n",
       "      <td>0</td>\n",
       "      <td>0.0</td>\n",
       "      <td>26.3</td>\n",
       "      <td>26.2</td>\n",
       "      <td>NaN</td>\n",
       "    </tr>\n",
       "    <tr>\n",
       "      <th>2</th>\n",
       "      <td>2021-08-09 00:03</td>\n",
       "      <td>-1.1</td>\n",
       "      <td>-0.2</td>\n",
       "      <td>-1.1</td>\n",
       "      <td>0.0</td>\n",
       "      <td>0.0</td>\n",
       "      <td>26.2</td>\n",
       "      <td>93.7</td>\n",
       "      <td>0.3</td>\n",
       "      <td>1.1</td>\n",
       "      <td>0.5</td>\n",
       "      <td>124.6</td>\n",
       "      <td>1.5</td>\n",
       "      <td>997</td>\n",
       "      <td>0</td>\n",
       "      <td>0.0</td>\n",
       "      <td>26.4</td>\n",
       "      <td>26.2</td>\n",
       "      <td>NaN</td>\n",
       "    </tr>\n",
       "    <tr>\n",
       "      <th>3</th>\n",
       "      <td>2021-08-09 00:04</td>\n",
       "      <td>-1.1</td>\n",
       "      <td>-0.1</td>\n",
       "      <td>-1.0</td>\n",
       "      <td>0.0</td>\n",
       "      <td>0.0</td>\n",
       "      <td>26.2</td>\n",
       "      <td>93.3</td>\n",
       "      <td>0.2</td>\n",
       "      <td>0.7</td>\n",
       "      <td>0.4</td>\n",
       "      <td>120.3</td>\n",
       "      <td>1.3</td>\n",
       "      <td>997</td>\n",
       "      <td>0</td>\n",
       "      <td>0.0</td>\n",
       "      <td>26.4</td>\n",
       "      <td>26.3</td>\n",
       "      <td>NaN</td>\n",
       "    </tr>\n",
       "    <tr>\n",
       "      <th>4</th>\n",
       "      <td>2021-08-09 00:05</td>\n",
       "      <td>-1.0</td>\n",
       "      <td>-0.1</td>\n",
       "      <td>-1.0</td>\n",
       "      <td>0.0</td>\n",
       "      <td>0.0</td>\n",
       "      <td>26.2</td>\n",
       "      <td>93.3</td>\n",
       "      <td>0.1</td>\n",
       "      <td>0.7</td>\n",
       "      <td>0.3</td>\n",
       "      <td>113.2</td>\n",
       "      <td>1.0</td>\n",
       "      <td>997</td>\n",
       "      <td>0</td>\n",
       "      <td>0.0</td>\n",
       "      <td>26.4</td>\n",
       "      <td>26.3</td>\n",
       "      <td>NaN</td>\n",
       "    </tr>\n",
       "  </tbody>\n",
       "</table>\n",
       "</div>"
      ],
      "text/plain": [
       "          Timestamp  GHI  DNI  DHI  ModA  ModB  Tamb    RH   WS  WSgust  \\\n",
       "0  2021-08-09 00:01 -1.2 -0.2 -1.1   0.0   0.0  26.2  93.4  0.0     0.4   \n",
       "1  2021-08-09 00:02 -1.1 -0.2 -1.1   0.0   0.0  26.2  93.6  0.0     0.0   \n",
       "2  2021-08-09 00:03 -1.1 -0.2 -1.1   0.0   0.0  26.2  93.7  0.3     1.1   \n",
       "3  2021-08-09 00:04 -1.1 -0.1 -1.0   0.0   0.0  26.2  93.3  0.2     0.7   \n",
       "4  2021-08-09 00:05 -1.0 -0.1 -1.0   0.0   0.0  26.2  93.3  0.1     0.7   \n",
       "\n",
       "   WSstdev     WD  WDstdev   BP  Cleaning  Precipitation  TModA  TModB  \\\n",
       "0      0.1  122.1      0.0  998         0            0.0   26.3   26.2   \n",
       "1      0.0    0.0      0.0  998         0            0.0   26.3   26.2   \n",
       "2      0.5  124.6      1.5  997         0            0.0   26.4   26.2   \n",
       "3      0.4  120.3      1.3  997         0            0.0   26.4   26.3   \n",
       "4      0.3  113.2      1.0  997         0            0.0   26.4   26.3   \n",
       "\n",
       "   Comments  \n",
       "0       NaN  \n",
       "1       NaN  \n",
       "2       NaN  \n",
       "3       NaN  \n",
       "4       NaN  "
      ]
     },
     "execution_count": 6,
     "metadata": {},
     "output_type": "execute_result"
    }
   ],
   "source": [
    "dp.data.head()"
   ]
  },
  {
   "cell_type": "code",
   "execution_count": 7,
   "metadata": {},
   "outputs": [
    {
     "data": {
      "text/html": [
       "<div>\n",
       "<style scoped>\n",
       "    .dataframe tbody tr th:only-of-type {\n",
       "        vertical-align: middle;\n",
       "    }\n",
       "\n",
       "    .dataframe tbody tr th {\n",
       "        vertical-align: top;\n",
       "    }\n",
       "\n",
       "    .dataframe thead th {\n",
       "        text-align: right;\n",
       "    }\n",
       "</style>\n",
       "<table border=\"1\" class=\"dataframe\">\n",
       "  <thead>\n",
       "    <tr style=\"text-align: right;\">\n",
       "      <th></th>\n",
       "      <th>GHI</th>\n",
       "      <th>DNI</th>\n",
       "      <th>DHI</th>\n",
       "      <th>ModA</th>\n",
       "      <th>ModB</th>\n",
       "      <th>Tamb</th>\n",
       "      <th>RH</th>\n",
       "      <th>WS</th>\n",
       "      <th>WSgust</th>\n",
       "      <th>WSstdev</th>\n",
       "      <th>WD</th>\n",
       "      <th>WDstdev</th>\n",
       "      <th>BP</th>\n",
       "      <th>Cleaning</th>\n",
       "      <th>Precipitation</th>\n",
       "      <th>TModA</th>\n",
       "      <th>TModB</th>\n",
       "      <th>Comments</th>\n",
       "    </tr>\n",
       "  </thead>\n",
       "  <tbody>\n",
       "    <tr>\n",
       "      <th>GHI</th>\n",
       "      <td>1.000000</td>\n",
       "      <td>0.882376</td>\n",
       "      <td>0.849989</td>\n",
       "      <td>0.994443</td>\n",
       "      <td>0.994869</td>\n",
       "      <td>0.547513</td>\n",
       "      <td>-0.360029</td>\n",
       "      <td>0.457349</td>\n",
       "      <td>0.484144</td>\n",
       "      <td>0.446526</td>\n",
       "      <td>0.079664</td>\n",
       "      <td>0.547242</td>\n",
       "      <td>0.016913</td>\n",
       "      <td>0.007001</td>\n",
       "      <td>-0.036387</td>\n",
       "      <td>0.920127</td>\n",
       "      <td>0.874338</td>\n",
       "      <td>NaN</td>\n",
       "    </tr>\n",
       "    <tr>\n",
       "      <th>DNI</th>\n",
       "      <td>0.882376</td>\n",
       "      <td>1.000000</td>\n",
       "      <td>0.546602</td>\n",
       "      <td>0.892023</td>\n",
       "      <td>0.892012</td>\n",
       "      <td>0.467584</td>\n",
       "      <td>-0.373475</td>\n",
       "      <td>0.397099</td>\n",
       "      <td>0.419469</td>\n",
       "      <td>0.383303</td>\n",
       "      <td>0.018839</td>\n",
       "      <td>0.471152</td>\n",
       "      <td>0.029967</td>\n",
       "      <td>0.009934</td>\n",
       "      <td>-0.032781</td>\n",
       "      <td>0.790340</td>\n",
       "      <td>0.756007</td>\n",
       "      <td>NaN</td>\n",
       "    </tr>\n",
       "    <tr>\n",
       "      <th>DHI</th>\n",
       "      <td>0.849989</td>\n",
       "      <td>0.546602</td>\n",
       "      <td>1.000000</td>\n",
       "      <td>0.829923</td>\n",
       "      <td>0.827886</td>\n",
       "      <td>0.503925</td>\n",
       "      <td>-0.285018</td>\n",
       "      <td>0.426959</td>\n",
       "      <td>0.450904</td>\n",
       "      <td>0.414711</td>\n",
       "      <td>0.102752</td>\n",
       "      <td>0.505968</td>\n",
       "      <td>-0.009028</td>\n",
       "      <td>0.013086</td>\n",
       "      <td>-0.035466</td>\n",
       "      <td>0.825012</td>\n",
       "      <td>0.777829</td>\n",
       "      <td>NaN</td>\n",
       "    </tr>\n",
       "    <tr>\n",
       "      <th>ModA</th>\n",
       "      <td>0.994443</td>\n",
       "      <td>0.892023</td>\n",
       "      <td>0.829923</td>\n",
       "      <td>1.000000</td>\n",
       "      <td>0.998745</td>\n",
       "      <td>0.526868</td>\n",
       "      <td>-0.383205</td>\n",
       "      <td>0.458483</td>\n",
       "      <td>0.484429</td>\n",
       "      <td>0.443467</td>\n",
       "      <td>0.050262</td>\n",
       "      <td>0.538341</td>\n",
       "      <td>0.038301</td>\n",
       "      <td>0.006567</td>\n",
       "      <td>-0.035919</td>\n",
       "      <td>0.908981</td>\n",
       "      <td>0.856101</td>\n",
       "      <td>NaN</td>\n",
       "    </tr>\n",
       "    <tr>\n",
       "      <th>ModB</th>\n",
       "      <td>0.994869</td>\n",
       "      <td>0.892012</td>\n",
       "      <td>0.827886</td>\n",
       "      <td>0.998745</td>\n",
       "      <td>1.000000</td>\n",
       "      <td>0.525370</td>\n",
       "      <td>-0.365718</td>\n",
       "      <td>0.450123</td>\n",
       "      <td>0.476380</td>\n",
       "      <td>0.438523</td>\n",
       "      <td>0.061473</td>\n",
       "      <td>0.538331</td>\n",
       "      <td>0.039817</td>\n",
       "      <td>0.007017</td>\n",
       "      <td>-0.035852</td>\n",
       "      <td>0.912114</td>\n",
       "      <td>0.862234</td>\n",
       "      <td>NaN</td>\n",
       "    </tr>\n",
       "    <tr>\n",
       "      <th>Tamb</th>\n",
       "      <td>0.547513</td>\n",
       "      <td>0.467584</td>\n",
       "      <td>0.503925</td>\n",
       "      <td>0.526868</td>\n",
       "      <td>0.525370</td>\n",
       "      <td>1.000000</td>\n",
       "      <td>-0.414842</td>\n",
       "      <td>0.347188</td>\n",
       "      <td>0.362403</td>\n",
       "      <td>0.342418</td>\n",
       "      <td>0.188081</td>\n",
       "      <td>0.469857</td>\n",
       "      <td>-0.553705</td>\n",
       "      <td>-0.010058</td>\n",
       "      <td>-0.045705</td>\n",
       "      <td>0.761701</td>\n",
       "      <td>0.823353</td>\n",
       "      <td>NaN</td>\n",
       "    </tr>\n",
       "    <tr>\n",
       "      <th>RH</th>\n",
       "      <td>-0.360029</td>\n",
       "      <td>-0.373475</td>\n",
       "      <td>-0.285018</td>\n",
       "      <td>-0.383205</td>\n",
       "      <td>-0.365718</td>\n",
       "      <td>-0.414842</td>\n",
       "      <td>1.000000</td>\n",
       "      <td>-0.244108</td>\n",
       "      <td>-0.236497</td>\n",
       "      <td>-0.177058</td>\n",
       "      <td>0.282531</td>\n",
       "      <td>-0.218386</td>\n",
       "      <td>0.284643</td>\n",
       "      <td>0.006437</td>\n",
       "      <td>0.073785</td>\n",
       "      <td>-0.343841</td>\n",
       "      <td>-0.319846</td>\n",
       "      <td>NaN</td>\n",
       "    </tr>\n",
       "    <tr>\n",
       "      <th>WS</th>\n",
       "      <td>0.457349</td>\n",
       "      <td>0.397099</td>\n",
       "      <td>0.426959</td>\n",
       "      <td>0.458483</td>\n",
       "      <td>0.450123</td>\n",
       "      <td>0.347188</td>\n",
       "      <td>-0.244108</td>\n",
       "      <td>1.000000</td>\n",
       "      <td>0.984599</td>\n",
       "      <td>0.766948</td>\n",
       "      <td>0.238566</td>\n",
       "      <td>0.519071</td>\n",
       "      <td>0.040233</td>\n",
       "      <td>0.007822</td>\n",
       "      <td>0.126718</td>\n",
       "      <td>0.429899</td>\n",
       "      <td>0.400509</td>\n",
       "      <td>NaN</td>\n",
       "    </tr>\n",
       "    <tr>\n",
       "      <th>WSgust</th>\n",
       "      <td>0.484144</td>\n",
       "      <td>0.419469</td>\n",
       "      <td>0.450904</td>\n",
       "      <td>0.484429</td>\n",
       "      <td>0.476380</td>\n",
       "      <td>0.362403</td>\n",
       "      <td>-0.236497</td>\n",
       "      <td>0.984599</td>\n",
       "      <td>1.000000</td>\n",
       "      <td>0.841055</td>\n",
       "      <td>0.257456</td>\n",
       "      <td>0.568864</td>\n",
       "      <td>0.039512</td>\n",
       "      <td>0.008475</td>\n",
       "      <td>0.128566</td>\n",
       "      <td>0.458782</td>\n",
       "      <td>0.430020</td>\n",
       "      <td>NaN</td>\n",
       "    </tr>\n",
       "    <tr>\n",
       "      <th>WSstdev</th>\n",
       "      <td>0.446526</td>\n",
       "      <td>0.383303</td>\n",
       "      <td>0.414711</td>\n",
       "      <td>0.443467</td>\n",
       "      <td>0.438523</td>\n",
       "      <td>0.342418</td>\n",
       "      <td>-0.177058</td>\n",
       "      <td>0.766948</td>\n",
       "      <td>0.841055</td>\n",
       "      <td>1.000000</td>\n",
       "      <td>0.363990</td>\n",
       "      <td>0.618606</td>\n",
       "      <td>0.015536</td>\n",
       "      <td>0.007977</td>\n",
       "      <td>0.105187</td>\n",
       "      <td>0.440687</td>\n",
       "      <td>0.423140</td>\n",
       "      <td>NaN</td>\n",
       "    </tr>\n",
       "    <tr>\n",
       "      <th>WD</th>\n",
       "      <td>0.079664</td>\n",
       "      <td>0.018839</td>\n",
       "      <td>0.102752</td>\n",
       "      <td>0.050262</td>\n",
       "      <td>0.061473</td>\n",
       "      <td>0.188081</td>\n",
       "      <td>0.282531</td>\n",
       "      <td>0.238566</td>\n",
       "      <td>0.257456</td>\n",
       "      <td>0.363990</td>\n",
       "      <td>1.000000</td>\n",
       "      <td>0.301671</td>\n",
       "      <td>-0.136511</td>\n",
       "      <td>0.004726</td>\n",
       "      <td>-0.012247</td>\n",
       "      <td>0.164692</td>\n",
       "      <td>0.205442</td>\n",
       "      <td>NaN</td>\n",
       "    </tr>\n",
       "    <tr>\n",
       "      <th>WDstdev</th>\n",
       "      <td>0.547242</td>\n",
       "      <td>0.471152</td>\n",
       "      <td>0.505968</td>\n",
       "      <td>0.538341</td>\n",
       "      <td>0.538331</td>\n",
       "      <td>0.469857</td>\n",
       "      <td>-0.218386</td>\n",
       "      <td>0.519071</td>\n",
       "      <td>0.568864</td>\n",
       "      <td>0.618606</td>\n",
       "      <td>0.301671</td>\n",
       "      <td>1.000000</td>\n",
       "      <td>-0.070848</td>\n",
       "      <td>0.008895</td>\n",
       "      <td>0.017208</td>\n",
       "      <td>0.590963</td>\n",
       "      <td>0.593734</td>\n",
       "      <td>NaN</td>\n",
       "    </tr>\n",
       "    <tr>\n",
       "      <th>BP</th>\n",
       "      <td>0.016913</td>\n",
       "      <td>0.029967</td>\n",
       "      <td>-0.009028</td>\n",
       "      <td>0.038301</td>\n",
       "      <td>0.039817</td>\n",
       "      <td>-0.553705</td>\n",
       "      <td>0.284643</td>\n",
       "      <td>0.040233</td>\n",
       "      <td>0.039512</td>\n",
       "      <td>0.015536</td>\n",
       "      <td>-0.136511</td>\n",
       "      <td>-0.070848</td>\n",
       "      <td>1.000000</td>\n",
       "      <td>0.016542</td>\n",
       "      <td>0.049600</td>\n",
       "      <td>-0.165229</td>\n",
       "      <td>-0.243616</td>\n",
       "      <td>NaN</td>\n",
       "    </tr>\n",
       "    <tr>\n",
       "      <th>Cleaning</th>\n",
       "      <td>0.007001</td>\n",
       "      <td>0.009934</td>\n",
       "      <td>0.013086</td>\n",
       "      <td>0.006567</td>\n",
       "      <td>0.007017</td>\n",
       "      <td>-0.010058</td>\n",
       "      <td>0.006437</td>\n",
       "      <td>0.007822</td>\n",
       "      <td>0.008475</td>\n",
       "      <td>0.007977</td>\n",
       "      <td>0.004726</td>\n",
       "      <td>0.008895</td>\n",
       "      <td>0.016542</td>\n",
       "      <td>1.000000</td>\n",
       "      <td>-0.001560</td>\n",
       "      <td>0.010442</td>\n",
       "      <td>0.007080</td>\n",
       "      <td>NaN</td>\n",
       "    </tr>\n",
       "    <tr>\n",
       "      <th>Precipitation</th>\n",
       "      <td>-0.036387</td>\n",
       "      <td>-0.032781</td>\n",
       "      <td>-0.035466</td>\n",
       "      <td>-0.035919</td>\n",
       "      <td>-0.035852</td>\n",
       "      <td>-0.045705</td>\n",
       "      <td>0.073785</td>\n",
       "      <td>0.126718</td>\n",
       "      <td>0.128566</td>\n",
       "      <td>0.105187</td>\n",
       "      <td>-0.012247</td>\n",
       "      <td>0.017208</td>\n",
       "      <td>0.049600</td>\n",
       "      <td>-0.001560</td>\n",
       "      <td>1.000000</td>\n",
       "      <td>-0.040636</td>\n",
       "      <td>-0.039901</td>\n",
       "      <td>NaN</td>\n",
       "    </tr>\n",
       "    <tr>\n",
       "      <th>TModA</th>\n",
       "      <td>0.920127</td>\n",
       "      <td>0.790340</td>\n",
       "      <td>0.825012</td>\n",
       "      <td>0.908981</td>\n",
       "      <td>0.912114</td>\n",
       "      <td>0.761701</td>\n",
       "      <td>-0.343841</td>\n",
       "      <td>0.429899</td>\n",
       "      <td>0.458782</td>\n",
       "      <td>0.440687</td>\n",
       "      <td>0.164692</td>\n",
       "      <td>0.590963</td>\n",
       "      <td>-0.165229</td>\n",
       "      <td>0.010442</td>\n",
       "      <td>-0.040636</td>\n",
       "      <td>1.000000</td>\n",
       "      <td>0.983443</td>\n",
       "      <td>NaN</td>\n",
       "    </tr>\n",
       "    <tr>\n",
       "      <th>TModB</th>\n",
       "      <td>0.874338</td>\n",
       "      <td>0.756007</td>\n",
       "      <td>0.777829</td>\n",
       "      <td>0.856101</td>\n",
       "      <td>0.862234</td>\n",
       "      <td>0.823353</td>\n",
       "      <td>-0.319846</td>\n",
       "      <td>0.400509</td>\n",
       "      <td>0.430020</td>\n",
       "      <td>0.423140</td>\n",
       "      <td>0.205442</td>\n",
       "      <td>0.593734</td>\n",
       "      <td>-0.243616</td>\n",
       "      <td>0.007080</td>\n",
       "      <td>-0.039901</td>\n",
       "      <td>0.983443</td>\n",
       "      <td>1.000000</td>\n",
       "      <td>NaN</td>\n",
       "    </tr>\n",
       "    <tr>\n",
       "      <th>Comments</th>\n",
       "      <td>NaN</td>\n",
       "      <td>NaN</td>\n",
       "      <td>NaN</td>\n",
       "      <td>NaN</td>\n",
       "      <td>NaN</td>\n",
       "      <td>NaN</td>\n",
       "      <td>NaN</td>\n",
       "      <td>NaN</td>\n",
       "      <td>NaN</td>\n",
       "      <td>NaN</td>\n",
       "      <td>NaN</td>\n",
       "      <td>NaN</td>\n",
       "      <td>NaN</td>\n",
       "      <td>NaN</td>\n",
       "      <td>NaN</td>\n",
       "      <td>NaN</td>\n",
       "      <td>NaN</td>\n",
       "      <td>NaN</td>\n",
       "    </tr>\n",
       "  </tbody>\n",
       "</table>\n",
       "</div>"
      ],
      "text/plain": [
       "                    GHI       DNI       DHI      ModA      ModB      Tamb  \\\n",
       "GHI            1.000000  0.882376  0.849989  0.994443  0.994869  0.547513   \n",
       "DNI            0.882376  1.000000  0.546602  0.892023  0.892012  0.467584   \n",
       "DHI            0.849989  0.546602  1.000000  0.829923  0.827886  0.503925   \n",
       "ModA           0.994443  0.892023  0.829923  1.000000  0.998745  0.526868   \n",
       "ModB           0.994869  0.892012  0.827886  0.998745  1.000000  0.525370   \n",
       "Tamb           0.547513  0.467584  0.503925  0.526868  0.525370  1.000000   \n",
       "RH            -0.360029 -0.373475 -0.285018 -0.383205 -0.365718 -0.414842   \n",
       "WS             0.457349  0.397099  0.426959  0.458483  0.450123  0.347188   \n",
       "WSgust         0.484144  0.419469  0.450904  0.484429  0.476380  0.362403   \n",
       "WSstdev        0.446526  0.383303  0.414711  0.443467  0.438523  0.342418   \n",
       "WD             0.079664  0.018839  0.102752  0.050262  0.061473  0.188081   \n",
       "WDstdev        0.547242  0.471152  0.505968  0.538341  0.538331  0.469857   \n",
       "BP             0.016913  0.029967 -0.009028  0.038301  0.039817 -0.553705   \n",
       "Cleaning       0.007001  0.009934  0.013086  0.006567  0.007017 -0.010058   \n",
       "Precipitation -0.036387 -0.032781 -0.035466 -0.035919 -0.035852 -0.045705   \n",
       "TModA          0.920127  0.790340  0.825012  0.908981  0.912114  0.761701   \n",
       "TModB          0.874338  0.756007  0.777829  0.856101  0.862234  0.823353   \n",
       "Comments            NaN       NaN       NaN       NaN       NaN       NaN   \n",
       "\n",
       "                     RH        WS    WSgust   WSstdev        WD   WDstdev  \\\n",
       "GHI           -0.360029  0.457349  0.484144  0.446526  0.079664  0.547242   \n",
       "DNI           -0.373475  0.397099  0.419469  0.383303  0.018839  0.471152   \n",
       "DHI           -0.285018  0.426959  0.450904  0.414711  0.102752  0.505968   \n",
       "ModA          -0.383205  0.458483  0.484429  0.443467  0.050262  0.538341   \n",
       "ModB          -0.365718  0.450123  0.476380  0.438523  0.061473  0.538331   \n",
       "Tamb          -0.414842  0.347188  0.362403  0.342418  0.188081  0.469857   \n",
       "RH             1.000000 -0.244108 -0.236497 -0.177058  0.282531 -0.218386   \n",
       "WS            -0.244108  1.000000  0.984599  0.766948  0.238566  0.519071   \n",
       "WSgust        -0.236497  0.984599  1.000000  0.841055  0.257456  0.568864   \n",
       "WSstdev       -0.177058  0.766948  0.841055  1.000000  0.363990  0.618606   \n",
       "WD             0.282531  0.238566  0.257456  0.363990  1.000000  0.301671   \n",
       "WDstdev       -0.218386  0.519071  0.568864  0.618606  0.301671  1.000000   \n",
       "BP             0.284643  0.040233  0.039512  0.015536 -0.136511 -0.070848   \n",
       "Cleaning       0.006437  0.007822  0.008475  0.007977  0.004726  0.008895   \n",
       "Precipitation  0.073785  0.126718  0.128566  0.105187 -0.012247  0.017208   \n",
       "TModA         -0.343841  0.429899  0.458782  0.440687  0.164692  0.590963   \n",
       "TModB         -0.319846  0.400509  0.430020  0.423140  0.205442  0.593734   \n",
       "Comments            NaN       NaN       NaN       NaN       NaN       NaN   \n",
       "\n",
       "                     BP  Cleaning  Precipitation     TModA     TModB  Comments  \n",
       "GHI            0.016913  0.007001      -0.036387  0.920127  0.874338       NaN  \n",
       "DNI            0.029967  0.009934      -0.032781  0.790340  0.756007       NaN  \n",
       "DHI           -0.009028  0.013086      -0.035466  0.825012  0.777829       NaN  \n",
       "ModA           0.038301  0.006567      -0.035919  0.908981  0.856101       NaN  \n",
       "ModB           0.039817  0.007017      -0.035852  0.912114  0.862234       NaN  \n",
       "Tamb          -0.553705 -0.010058      -0.045705  0.761701  0.823353       NaN  \n",
       "RH             0.284643  0.006437       0.073785 -0.343841 -0.319846       NaN  \n",
       "WS             0.040233  0.007822       0.126718  0.429899  0.400509       NaN  \n",
       "WSgust         0.039512  0.008475       0.128566  0.458782  0.430020       NaN  \n",
       "WSstdev        0.015536  0.007977       0.105187  0.440687  0.423140       NaN  \n",
       "WD            -0.136511  0.004726      -0.012247  0.164692  0.205442       NaN  \n",
       "WDstdev       -0.070848  0.008895       0.017208  0.590963  0.593734       NaN  \n",
       "BP             1.000000  0.016542       0.049600 -0.165229 -0.243616       NaN  \n",
       "Cleaning       0.016542  1.000000      -0.001560  0.010442  0.007080       NaN  \n",
       "Precipitation  0.049600 -0.001560       1.000000 -0.040636 -0.039901       NaN  \n",
       "TModA         -0.165229  0.010442      -0.040636  1.000000  0.983443       NaN  \n",
       "TModB         -0.243616  0.007080      -0.039901  0.983443  1.000000       NaN  \n",
       "Comments            NaN       NaN            NaN       NaN       NaN       NaN  "
      ]
     },
     "execution_count": 7,
     "metadata": {},
     "output_type": "execute_result"
    }
   ],
   "source": [
    "# describe_data(benin_df)\n",
    "dp.correlation()"
   ]
  },
  {
   "cell_type": "code",
   "execution_count": 8,
   "metadata": {},
   "outputs": [
    {
     "data": {
      "text/plain": [
       "Timestamp             0\n",
       "GHI                   0\n",
       "DNI                   0\n",
       "DHI                   0\n",
       "ModA                  0\n",
       "ModB                  0\n",
       "Tamb                  0\n",
       "RH                    0\n",
       "WS                    0\n",
       "WSgust                0\n",
       "WSstdev               0\n",
       "WD                    0\n",
       "WDstdev               0\n",
       "BP                    0\n",
       "Cleaning              0\n",
       "Precipitation         0\n",
       "TModA                 0\n",
       "TModB                 0\n",
       "Comments         525600\n",
       "dtype: int64"
      ]
     },
     "execution_count": 8,
     "metadata": {},
     "output_type": "execute_result"
    }
   ],
   "source": [
    "dp.check_missing_values()"
   ]
  },
  {
   "cell_type": "code",
   "execution_count": 11,
   "metadata": {},
   "outputs": [
    {
     "data": {
      "text/html": [
       "<div>\n",
       "<style scoped>\n",
       "    .dataframe tbody tr th:only-of-type {\n",
       "        vertical-align: middle;\n",
       "    }\n",
       "\n",
       "    .dataframe tbody tr th {\n",
       "        vertical-align: top;\n",
       "    }\n",
       "\n",
       "    .dataframe thead th {\n",
       "        text-align: right;\n",
       "    }\n",
       "</style>\n",
       "<table border=\"1\" class=\"dataframe\">\n",
       "  <thead>\n",
       "    <tr style=\"text-align: right;\">\n",
       "      <th></th>\n",
       "      <th>count</th>\n",
       "      <th>mean</th>\n",
       "      <th>std</th>\n",
       "      <th>min</th>\n",
       "      <th>25%</th>\n",
       "      <th>50%</th>\n",
       "      <th>75%</th>\n",
       "      <th>max</th>\n",
       "    </tr>\n",
       "  </thead>\n",
       "  <tbody>\n",
       "    <tr>\n",
       "      <th>GHI</th>\n",
       "      <td>525600.0</td>\n",
       "      <td>240.559452</td>\n",
       "      <td>331.131327</td>\n",
       "      <td>-12.9</td>\n",
       "      <td>-2.0</td>\n",
       "      <td>1.8</td>\n",
       "      <td>483.4</td>\n",
       "      <td>1413.0</td>\n",
       "    </tr>\n",
       "    <tr>\n",
       "      <th>DNI</th>\n",
       "      <td>525600.0</td>\n",
       "      <td>167.187516</td>\n",
       "      <td>261.710501</td>\n",
       "      <td>-7.8</td>\n",
       "      <td>-0.5</td>\n",
       "      <td>-0.1</td>\n",
       "      <td>314.2</td>\n",
       "      <td>952.3</td>\n",
       "    </tr>\n",
       "    <tr>\n",
       "      <th>DHI</th>\n",
       "      <td>525600.0</td>\n",
       "      <td>115.358961</td>\n",
       "      <td>158.691074</td>\n",
       "      <td>-12.6</td>\n",
       "      <td>-2.1</td>\n",
       "      <td>1.6</td>\n",
       "      <td>216.3</td>\n",
       "      <td>759.2</td>\n",
       "    </tr>\n",
       "    <tr>\n",
       "      <th>ModA</th>\n",
       "      <td>525600.0</td>\n",
       "      <td>236.589496</td>\n",
       "      <td>326.894859</td>\n",
       "      <td>0.0</td>\n",
       "      <td>0.0</td>\n",
       "      <td>4.5</td>\n",
       "      <td>463.7</td>\n",
       "      <td>1342.3</td>\n",
       "    </tr>\n",
       "    <tr>\n",
       "      <th>ModB</th>\n",
       "      <td>525600.0</td>\n",
       "      <td>228.883576</td>\n",
       "      <td>316.536515</td>\n",
       "      <td>0.0</td>\n",
       "      <td>0.0</td>\n",
       "      <td>4.3</td>\n",
       "      <td>447.9</td>\n",
       "      <td>1342.3</td>\n",
       "    </tr>\n",
       "    <tr>\n",
       "      <th>Tamb</th>\n",
       "      <td>525600.0</td>\n",
       "      <td>28.179683</td>\n",
       "      <td>5.924297</td>\n",
       "      <td>11.0</td>\n",
       "      <td>24.2</td>\n",
       "      <td>28.0</td>\n",
       "      <td>32.3</td>\n",
       "      <td>43.8</td>\n",
       "    </tr>\n",
       "    <tr>\n",
       "      <th>RH</th>\n",
       "      <td>525600.0</td>\n",
       "      <td>54.487969</td>\n",
       "      <td>28.073069</td>\n",
       "      <td>2.1</td>\n",
       "      <td>28.8</td>\n",
       "      <td>55.1</td>\n",
       "      <td>80.1</td>\n",
       "      <td>100.0</td>\n",
       "    </tr>\n",
       "    <tr>\n",
       "      <th>WS</th>\n",
       "      <td>525600.0</td>\n",
       "      <td>2.121113</td>\n",
       "      <td>1.603466</td>\n",
       "      <td>0.0</td>\n",
       "      <td>1.0</td>\n",
       "      <td>1.9</td>\n",
       "      <td>3.1</td>\n",
       "      <td>19.5</td>\n",
       "    </tr>\n",
       "    <tr>\n",
       "      <th>WSgust</th>\n",
       "      <td>525600.0</td>\n",
       "      <td>2.809195</td>\n",
       "      <td>2.029120</td>\n",
       "      <td>0.0</td>\n",
       "      <td>1.3</td>\n",
       "      <td>2.6</td>\n",
       "      <td>4.1</td>\n",
       "      <td>26.6</td>\n",
       "    </tr>\n",
       "    <tr>\n",
       "      <th>WSstdev</th>\n",
       "      <td>525600.0</td>\n",
       "      <td>0.473390</td>\n",
       "      <td>0.273395</td>\n",
       "      <td>0.0</td>\n",
       "      <td>0.4</td>\n",
       "      <td>0.5</td>\n",
       "      <td>0.6</td>\n",
       "      <td>4.2</td>\n",
       "    </tr>\n",
       "    <tr>\n",
       "      <th>WD</th>\n",
       "      <td>525600.0</td>\n",
       "      <td>153.435172</td>\n",
       "      <td>102.332842</td>\n",
       "      <td>0.0</td>\n",
       "      <td>59.0</td>\n",
       "      <td>181.0</td>\n",
       "      <td>235.1</td>\n",
       "      <td>360.0</td>\n",
       "    </tr>\n",
       "    <tr>\n",
       "      <th>WDstdev</th>\n",
       "      <td>525600.0</td>\n",
       "      <td>8.582407</td>\n",
       "      <td>6.385864</td>\n",
       "      <td>0.0</td>\n",
       "      <td>3.7</td>\n",
       "      <td>8.6</td>\n",
       "      <td>12.3</td>\n",
       "      <td>99.4</td>\n",
       "    </tr>\n",
       "    <tr>\n",
       "      <th>BP</th>\n",
       "      <td>525600.0</td>\n",
       "      <td>994.197199</td>\n",
       "      <td>2.474993</td>\n",
       "      <td>985.0</td>\n",
       "      <td>993.0</td>\n",
       "      <td>994.0</td>\n",
       "      <td>996.0</td>\n",
       "      <td>1003.0</td>\n",
       "    </tr>\n",
       "    <tr>\n",
       "      <th>Cleaning</th>\n",
       "      <td>525600.0</td>\n",
       "      <td>0.000923</td>\n",
       "      <td>0.030363</td>\n",
       "      <td>0.0</td>\n",
       "      <td>0.0</td>\n",
       "      <td>0.0</td>\n",
       "      <td>0.0</td>\n",
       "      <td>1.0</td>\n",
       "    </tr>\n",
       "    <tr>\n",
       "      <th>Precipitation</th>\n",
       "      <td>525600.0</td>\n",
       "      <td>0.001905</td>\n",
       "      <td>0.037115</td>\n",
       "      <td>0.0</td>\n",
       "      <td>0.0</td>\n",
       "      <td>0.0</td>\n",
       "      <td>0.0</td>\n",
       "      <td>2.5</td>\n",
       "    </tr>\n",
       "    <tr>\n",
       "      <th>TModA</th>\n",
       "      <td>525600.0</td>\n",
       "      <td>35.246026</td>\n",
       "      <td>14.807258</td>\n",
       "      <td>9.0</td>\n",
       "      <td>24.2</td>\n",
       "      <td>30.0</td>\n",
       "      <td>46.9</td>\n",
       "      <td>81.0</td>\n",
       "    </tr>\n",
       "    <tr>\n",
       "      <th>TModB</th>\n",
       "      <td>525600.0</td>\n",
       "      <td>32.471736</td>\n",
       "      <td>12.348743</td>\n",
       "      <td>8.1</td>\n",
       "      <td>23.6</td>\n",
       "      <td>28.9</td>\n",
       "      <td>41.5</td>\n",
       "      <td>72.5</td>\n",
       "    </tr>\n",
       "    <tr>\n",
       "      <th>Comments</th>\n",
       "      <td>0.0</td>\n",
       "      <td>NaN</td>\n",
       "      <td>NaN</td>\n",
       "      <td>NaN</td>\n",
       "      <td>NaN</td>\n",
       "      <td>NaN</td>\n",
       "      <td>NaN</td>\n",
       "      <td>NaN</td>\n",
       "    </tr>\n",
       "  </tbody>\n",
       "</table>\n",
       "</div>"
      ],
      "text/plain": [
       "                  count        mean         std    min    25%    50%    75%  \\\n",
       "GHI            525600.0  240.559452  331.131327  -12.9   -2.0    1.8  483.4   \n",
       "DNI            525600.0  167.187516  261.710501   -7.8   -0.5   -0.1  314.2   \n",
       "DHI            525600.0  115.358961  158.691074  -12.6   -2.1    1.6  216.3   \n",
       "ModA           525600.0  236.589496  326.894859    0.0    0.0    4.5  463.7   \n",
       "ModB           525600.0  228.883576  316.536515    0.0    0.0    4.3  447.9   \n",
       "Tamb           525600.0   28.179683    5.924297   11.0   24.2   28.0   32.3   \n",
       "RH             525600.0   54.487969   28.073069    2.1   28.8   55.1   80.1   \n",
       "WS             525600.0    2.121113    1.603466    0.0    1.0    1.9    3.1   \n",
       "WSgust         525600.0    2.809195    2.029120    0.0    1.3    2.6    4.1   \n",
       "WSstdev        525600.0    0.473390    0.273395    0.0    0.4    0.5    0.6   \n",
       "WD             525600.0  153.435172  102.332842    0.0   59.0  181.0  235.1   \n",
       "WDstdev        525600.0    8.582407    6.385864    0.0    3.7    8.6   12.3   \n",
       "BP             525600.0  994.197199    2.474993  985.0  993.0  994.0  996.0   \n",
       "Cleaning       525600.0    0.000923    0.030363    0.0    0.0    0.0    0.0   \n",
       "Precipitation  525600.0    0.001905    0.037115    0.0    0.0    0.0    0.0   \n",
       "TModA          525600.0   35.246026   14.807258    9.0   24.2   30.0   46.9   \n",
       "TModB          525600.0   32.471736   12.348743    8.1   23.6   28.9   41.5   \n",
       "Comments            0.0         NaN         NaN    NaN    NaN    NaN    NaN   \n",
       "\n",
       "                  max  \n",
       "GHI            1413.0  \n",
       "DNI             952.3  \n",
       "DHI             759.2  \n",
       "ModA           1342.3  \n",
       "ModB           1342.3  \n",
       "Tamb             43.8  \n",
       "RH              100.0  \n",
       "WS               19.5  \n",
       "WSgust           26.6  \n",
       "WSstdev           4.2  \n",
       "WD              360.0  \n",
       "WDstdev          99.4  \n",
       "BP             1003.0  \n",
       "Cleaning          1.0  \n",
       "Precipitation     2.5  \n",
       "TModA            81.0  \n",
       "TModB            72.5  \n",
       "Comments          NaN  "
      ]
     },
     "execution_count": 11,
     "metadata": {},
     "output_type": "execute_result"
    }
   ],
   "source": [
    "dp.summary_statistics()"
   ]
  },
  {
   "cell_type": "code",
   "execution_count": 12,
   "metadata": {},
   "outputs": [
    {
     "data": {
      "text/html": [
       "<div>\n",
       "<style scoped>\n",
       "    .dataframe tbody tr th:only-of-type {\n",
       "        vertical-align: middle;\n",
       "    }\n",
       "\n",
       "    .dataframe tbody tr th {\n",
       "        vertical-align: top;\n",
       "    }\n",
       "\n",
       "    .dataframe thead th {\n",
       "        text-align: right;\n",
       "    }\n",
       "</style>\n",
       "<table border=\"1\" class=\"dataframe\">\n",
       "  <thead>\n",
       "    <tr style=\"text-align: right;\">\n",
       "      <th></th>\n",
       "      <th>Missing Values</th>\n",
       "      <th>Negative Values</th>\n",
       "    </tr>\n",
       "  </thead>\n",
       "  <tbody>\n",
       "    <tr>\n",
       "      <th>Timestamp</th>\n",
       "      <td>0</td>\n",
       "      <td>NaN</td>\n",
       "    </tr>\n",
       "    <tr>\n",
       "      <th>GHI</th>\n",
       "      <td>0</td>\n",
       "      <td>258847.0</td>\n",
       "    </tr>\n",
       "    <tr>\n",
       "      <th>DNI</th>\n",
       "      <td>0</td>\n",
       "      <td>275987.0</td>\n",
       "    </tr>\n",
       "    <tr>\n",
       "      <th>DHI</th>\n",
       "      <td>0</td>\n",
       "      <td>259182.0</td>\n",
       "    </tr>\n",
       "    <tr>\n",
       "      <th>ModA</th>\n",
       "      <td>0</td>\n",
       "      <td>0.0</td>\n",
       "    </tr>\n",
       "    <tr>\n",
       "      <th>ModB</th>\n",
       "      <td>0</td>\n",
       "      <td>0.0</td>\n",
       "    </tr>\n",
       "    <tr>\n",
       "      <th>Tamb</th>\n",
       "      <td>0</td>\n",
       "      <td>NaN</td>\n",
       "    </tr>\n",
       "    <tr>\n",
       "      <th>RH</th>\n",
       "      <td>0</td>\n",
       "      <td>NaN</td>\n",
       "    </tr>\n",
       "    <tr>\n",
       "      <th>WS</th>\n",
       "      <td>0</td>\n",
