{
 "cells": [
  {
   "cell_type": "code",
   "execution_count": 1,
   "metadata": {},
   "outputs": [],
   "source": [
    "import sys \n",
    "sys.path.insert(0, '/Kiffya_10_acc/SolarStrategy-Insight/')"
   ]
  },
  {
   "cell_type": "code",
   "execution_count": 2,
   "metadata": {},
   "outputs": [],
   "source": [
    "import pandas as pd\n",
    "import numpy as np\n",
    "from scripts.Moonlight_EDA import DataPreprocessor"
   ]
  },
  {
   "cell_type": "code",
   "execution_count": 3,
   "metadata": {},
   "outputs": [],
   "source": [
    "benin_df=pd.read_csv('../data/benin-malanville.csv')\n",
    "sirraleon_df=pd.read_csv('../data/sierraleone-bumbuna.csv')\n",
    "togo_df=pd.read_csv('../data/togo-dapaong_qc.csv')"
   ]
  },
  {
   "cell_type": "code",
   "execution_count": 3,
   "metadata": {},
   "outputs": [],
   "source": [
    "# file_path='../data/benin-malanville.csv'\n",
    "dp=DataPreprocessor('../data/benin-malanville.csv')"
   ]
  },
  {
   "cell_type": "code",
   "execution_count": 4,
   "metadata": {},
   "outputs": [],
   "source": [
    "dp.load_data()"
   ]
  },
  {
   "cell_type": "code",
   "execution_count": 5,
   "metadata": {},
   "outputs": [
    {
     "data": {
      "text/html": [
       "<div>\n",
       "<style scoped>\n",
       "    .dataframe tbody tr th:only-of-type {\n",
       "        vertical-align: middle;\n",
       "    }\n",
       "\n",
       "    .dataframe tbody tr th {\n",
       "        vertical-align: top;\n",
       "    }\n",
       "\n",
       "    .dataframe thead th {\n",
       "        text-align: right;\n",
       "    }\n",
       "</style>\n",
       "<table border=\"1\" class=\"dataframe\">\n",
       "  <thead>\n",
       "    <tr style=\"text-align: right;\">\n",
       "      <th></th>\n",
       "      <th>Timestamp</th>\n",
       "      <th>GHI</th>\n",
       "      <th>DNI</th>\n",
       "      <th>DHI</th>\n",
       "      <th>ModA</th>\n",
       "      <th>ModB</th>\n",
       "      <th>Tamb</th>\n",
       "      <th>RH</th>\n",
       "      <th>WS</th>\n",
       "      <th>WSgust</th>\n",
       "      <th>WSstdev</th>\n",
       "      <th>WD</th>\n",
       "      <th>WDstdev</th>\n",
       "      <th>BP</th>\n",
       "      <th>Cleaning</th>\n",
       "      <th>Precipitation</th>\n",
       "      <th>TModA</th>\n",
       "      <th>TModB</th>\n",
       "      <th>Comments</th>\n",
       "    </tr>\n",
       "  </thead>\n",
       "  <tbody>\n",
       "    <tr>\n",
       "      <th>0</th>\n",
       "      <td>2021-08-09 00:01</td>\n",
       "      <td>-1.2</td>\n",
       "      <td>-0.2</td>\n",
       "      <td>-1.1</td>\n",
       "      <td>0.0</td>\n",
       "      <td>0.0</td>\n",
       "      <td>26.2</td>\n",
       "      <td>93.4</td>\n",
       "      <td>0.0</td>\n",
       "      <td>0.4</td>\n",
       "      <td>0.1</td>\n",
       "      <td>122.1</td>\n",
       "      <td>0.0</td>\n",
       "      <td>998</td>\n",
       "      <td>0</td>\n",
       "      <td>0.0</td>\n",
       "      <td>26.3</td>\n",
       "      <td>26.2</td>\n",
       "      <td>NaN</td>\n",
       "    </tr>\n",
       "    <tr>\n",
       "      <th>1</th>\n",
       "      <td>2021-08-09 00:02</td>\n",
       "      <td>-1.1</td>\n",
       "      <td>-0.2</td>\n",
       "      <td>-1.1</td>\n",
       "      <td>0.0</td>\n",
       "      <td>0.0</td>\n",
       "      <td>26.2</td>\n",
       "      <td>93.6</td>\n",
       "      <td>0.0</td>\n",
       "      <td>0.0</td>\n",
       "      <td>0.0</td>\n",
       "      <td>0.0</td>\n",
       "      <td>0.0</td>\n",
       "      <td>998</td>\n",
       "      <td>0</td>\n",
       "      <td>0.0</td>\n",
       "      <td>26.3</td>\n",
       "      <td>26.2</td>\n",
       "      <td>NaN</td>\n",
       "    </tr>\n",
       "    <tr>\n",
       "      <th>2</th>\n",
       "      <td>2021-08-09 00:03</td>\n",
       "      <td>-1.1</td>\n",
       "      <td>-0.2</td>\n",
       "      <td>-1.1</td>\n",
       "      <td>0.0</td>\n",
       "      <td>0.0</td>\n",
       "      <td>26.2</td>\n",
       "      <td>93.7</td>\n",
       "      <td>0.3</td>\n",
       "      <td>1.1</td>\n",
       "      <td>0.5</td>\n",
       "      <td>124.6</td>\n",
       "      <td>1.5</td>\n",
       "      <td>997</td>\n",
       "      <td>0</td>\n",
       "      <td>0.0</td>\n",
       "      <td>26.4</td>\n",
       "      <td>26.2</td>\n",
       "      <td>NaN</td>\n",
       "    </tr>\n",
       "    <tr>\n",
       "      <th>3</th>\n",
       "      <td>2021-08-09 00:04</td>\n",
       "      <td>-1.1</td>\n",
       "      <td>-0.1</td>\n",
       "      <td>-1.0</td>\n",
       "      <td>0.0</td>\n",
       "      <td>0.0</td>\n",
       "      <td>26.2</td>\n",
       "      <td>93.3</td>\n",
       "      <td>0.2</td>\n",
       "      <td>0.7</td>\n",
       "      <td>0.4</td>\n",
       "      <td>120.3</td>\n",
       "      <td>1.3</td>\n",
       "      <td>997</td>\n",
       "      <td>0</td>\n",
       "      <td>0.0</td>\n",
       "      <td>26.4</td>\n",
       "      <td>26.3</td>\n",
       "      <td>NaN</td>\n",
       "    </tr>\n",
       "    <tr>\n",
       "      <th>4</th>\n",
       "      <td>2021-08-09 00:05</td>\n",
       "      <td>-1.0</td>\n",
       "      <td>-0.1</td>\n",
       "      <td>-1.0</td>\n",
       "      <td>0.0</td>\n",
       "      <td>0.0</td>\n",
       "      <td>26.2</td>\n",
       "      <td>93.3</td>\n",
       "      <td>0.1</td>\n",
       "      <td>0.7</td>\n",
       "      <td>0.3</td>\n",
       "      <td>113.2</td>\n",
       "      <td>1.0</td>\n",
       "      <td>997</td>\n",
       "      <td>0</td>\n",
       "      <td>0.0</td>\n",
       "      <td>26.4</td>\n",
       "      <td>26.3</td>\n",
       "      <td>NaN</td>\n",
       "    </tr>\n",
       "  </tbody>\n",
       "</table>\n",
       "</div>"
      ],
      "text/plain": [
       "          Timestamp  GHI  DNI  DHI  ModA  ModB  Tamb    RH   WS  WSgust  \\\n",
       "0  2021-08-09 00:01 -1.2 -0.2 -1.1   0.0   0.0  26.2  93.4  0.0     0.4   \n",
       "1  2021-08-09 00:02 -1.1 -0.2 -1.1   0.0   0.0  26.2  93.6  0.0     0.0   \n",
       "2  2021-08-09 00:03 -1.1 -0.2 -1.1   0.0   0.0  26.2  93.7  0.3     1.1   \n",
       "3  2021-08-09 00:04 -1.1 -0.1 -1.0   0.0   0.0  26.2  93.3  0.2     0.7   \n",
       "4  2021-08-09 00:05 -1.0 -0.1 -1.0   0.0   0.0  26.2  93.3  0.1     0.7   \n",
       "\n",
       "   WSstdev     WD  WDstdev   BP  Cleaning  Precipitation  TModA  TModB  \\\n",
       "0      0.1  122.1      0.0  998         0            0.0   26.3   26.2   \n",
       "1      0.0    0.0      0.0  998         0            0.0   26.3   26.2   \n",
       "2      0.5  124.6      1.5  997         0            0.0   26.4   26.2   \n",
       "3      0.4  120.3      1.3  997         0            0.0   26.4   26.3   \n",
       "4      0.3  113.2      1.0  997         0            0.0   26.4   26.3   \n",
       "\n",
       "   Comments  \n",
       "0       NaN  \n",
       "1       NaN  \n",
       "2       NaN  \n",
       "3       NaN  \n",
       "4       NaN  "
      ]
     },
     "execution_count": 5,
     "metadata": {},
     "output_type": "execute_result"
    }
   ],
   "source": [
    "dp.data.head()"
   ]
  },
  {
   "cell_type": "code",
   "execution_count": 6,
   "metadata": {},
   "outputs": [
    {
     "data": {
      "text/html": [
       "<div>\n",
       "<style scoped>\n",
       "    .dataframe tbody tr th:only-of-type {\n",
       "        vertical-align: middle;\n",
       "    }\n",
       "\n",
       "    .dataframe tbody tr th {\n",
       "        vertical-align: top;\n",
       "    }\n",
       "\n",
       "    .dataframe thead th {\n",
       "        text-align: right;\n",
       "    }\n",
       "</style>\n",
       "<table border=\"1\" class=\"dataframe\">\n",
       "  <thead>\n",
       "    <tr style=\"text-align: right;\">\n",
       "      <th></th>\n",
       "      <th>GHI</th>\n",
       "      <th>DNI</th>\n",
       "      <th>DHI</th>\n",
       "      <th>ModA</th>\n",
       "      <th>ModB</th>\n",
       "      <th>Tamb</th>\n",
       "      <th>RH</th>\n",
       "      <th>WS</th>\n",
       "      <th>WSgust</th>\n",
       "      <th>WSstdev</th>\n",
       "      <th>WD</th>\n",
       "      <th>WDstdev</th>\n",
       "      <th>BP</th>\n",
       "      <th>Cleaning</th>\n",
       "      <th>Precipitation</th>\n",
       "      <th>TModA</th>\n",
       "      <th>TModB</th>\n",
       "      <th>Comments</th>\n",
       "    </tr>\n",
       "  </thead>\n",
       "  <tbody>\n",
       "    <tr>\n",
       "      <th>GHI</th>\n",
       "      <td>1.000000</td>\n",
       "      <td>0.882376</td>\n",
       "      <td>0.849989</td>\n",
       "      <td>0.994443</td>\n",
       "      <td>0.994869</td>\n",
       "      <td>0.547513</td>\n",
       "      <td>-0.360029</td>\n",
       "      <td>0.457349</td>\n",
       "      <td>0.484144</td>\n",
       "      <td>0.446526</td>\n",
       "      <td>0.079664</td>\n",
       "      <td>0.547242</td>\n",
       "      <td>0.016913</td>\n",
       "      <td>0.007001</td>\n",
       "      <td>-0.036387</td>\n",
       "      <td>0.920127</td>\n",
       "      <td>0.874338</td>\n",
       "      <td>NaN</td>\n",
       "    </tr>\n",
       "    <tr>\n",
       "      <th>DNI</th>\n",
       "      <td>0.882376</td>\n",
       "      <td>1.000000</td>\n",
       "      <td>0.546602</td>\n",
       "      <td>0.892023</td>\n",
       "      <td>0.892012</td>\n",
       "      <td>0.467584</td>\n",
       "      <td>-0.373475</td>\n",
       "      <td>0.397099</td>\n",
       "      <td>0.419469</td>\n",
       "      <td>0.383303</td>\n",
       "      <td>0.018839</td>\n",
       "      <td>0.471152</td>\n",
       "      <td>0.029967</td>\n",
       "      <td>0.009934</td>\n",
       "      <td>-0.032781</td>\n",
       "      <td>0.790340</td>\n",
       "      <td>0.756007</td>\n",
       "      <td>NaN</td>\n",
       "    </tr>\n",
       "    <tr>\n",
       "      <th>DHI</th>\n",
       "      <td>0.849989</td>\n",
       "      <td>0.546602</td>\n",
       "      <td>1.000000</td>\n",
       "      <td>0.829923</td>\n",
       "      <td>0.827886</td>\n",
       "      <td>0.503925</td>\n",
       "      <td>-0.285018</td>\n",
       "      <td>0.426959</td>\n",
       "      <td>0.450904</td>\n",
       "      <td>0.414711</td>\n",
       "      <td>0.102752</td>\n",
       "      <td>0.505968</td>\n",
       "      <td>-0.009028</td>\n",
       "      <td>0.013086</td>\n",
       "      <td>-0.035466</td>\n",
       "      <td>0.825012</td>\n",
       "      <td>0.777829</td>\n",
       "      <td>NaN</td>\n",
       "    </tr>\n",
       "    <tr>\n",
       "      <th>ModA</th>\n",
       "      <td>0.994443</td>\n",
       "      <td>0.892023</td>\n",
       "      <td>0.829923</td>\n",
       "      <td>1.000000</td>\n",
       "      <td>0.998745</td>\n",
       "      <td>0.526868</td>\n",
       "      <td>-0.383205</td>\n",
       "      <td>0.458483</td>\n",
       "      <td>0.484429</td>\n",
       "      <td>0.443467</td>\n",
       "      <td>0.050262</td>\n",
       "      <td>0.538341</td>\n",
       "      <td>0.038301</td>\n",
       "      <td>0.006567</td>\n",
       "      <td>-0.035919</td>\n",
       "      <td>0.908981</td>\n",
       "      <td>0.856101</td>\n",
       "      <td>NaN</td>\n",
       "    </tr>\n",
       "    <tr>\n",
       "      <th>ModB</th>\n",
       "      <td>0.994869</td>\n",
       "      <td>0.892012</td>\n",
       "      <td>0.827886</td>\n",
       "      <td>0.998745</td>\n",
       "      <td>1.000000</td>\n",
       "      <td>0.525370</td>\n",
       "      <td>-0.365718</td>\n",
       "      <td>0.450123</td>\n",
       "      <td>0.476380</td>\n",
       "      <td>0.438523</td>\n",
       "      <td>0.061473</td>\n",
       "      <td>0.538331</td>\n",
       "      <td>0.039817</td>\n",
       "      <td>0.007017</td>\n",
       "      <td>-0.035852</td>\n",
       "      <td>0.912114</td>\n",
       "      <td>0.862234</td>\n",
       "      <td>NaN</td>\n",
       "    </tr>\n",
       "    <tr>\n",
       "      <th>Tamb</th>\n",
       "      <td>0.547513</td>\n",
       "      <td>0.467584</td>\n",
       "      <td>0.503925</td>\n",
       "      <td>0.526868</td>\n",
       "      <td>0.525370</td>\n",
       "      <td>1.000000</td>\n",
       "      <td>-0.414842</td>\n",
       "      <td>0.347188</td>\n",
       "      <td>0.362403</td>\n",
       "      <td>0.342418</td>\n",
       "      <td>0.188081</td>\n",
       "      <td>0.469857</td>\n",
       "      <td>-0.553705</td>\n",
       "      <td>-0.010058</td>\n",
       "      <td>-0.045705</td>\n",
       "      <td>0.761701</td>\n",
       "      <td>0.823353</td>\n",
       "      <td>NaN</td>\n",
       "    </tr>\n",
       "    <tr>\n",
       "      <th>RH</th>\n",
       "      <td>-0.360029</td>\n",
       "      <td>-0.373475</td>\n",
       "      <td>-0.285018</td>\n",
       "      <td>-0.383205</td>\n",
       "      <td>-0.365718</td>\n",
       "      <td>-0.414842</td>\n",
       "      <td>1.000000</td>\n",
       "      <td>-0.244108</td>\n",
       "      <td>-0.236497</td>\n",
       "      <td>-0.177058</td>\n",
       "      <td>0.282531</td>\n",
       "      <td>-0.218386</td>\n",
       "      <td>0.284643</td>\n",
       "      <td>0.006437</td>\n",
       "      <td>0.073785</td>\n",
       "      <td>-0.343841</td>\n",
       "      <td>-0.319846</td>\n",
       "      <td>NaN</td>\n",
       "    </tr>\n",
       "    <tr>\n",
       "      <th>WS</th>\n",
       "      <td>0.457349</td>\n",
       "      <td>0.397099</td>\n",
       "      <td>0.426959</td>\n",
       "      <td>0.458483</td>\n",
       "      <td>0.450123</td>\n",
       "      <td>0.347188</td>\n",
       "      <td>-0.244108</td>\n",
       "      <td>1.000000</td>\n",
       "      <td>0.984599</td>\n",
       "      <td>0.766948</td>\n",
       "      <td>0.238566</td>\n",
       "      <td>0.519071</td>\n",
       "      <td>0.040233</td>\n",
       "      <td>0.007822</td>\n",
       "      <td>0.126718</td>\n",
       "      <td>0.429899</td>\n",
       "      <td>0.400509</td>\n",
       "      <td>NaN</td>\n",
       "    </tr>\n",
       "    <tr>\n",
       "      <th>WSgust</th>\n",
       "      <td>0.484144</td>\n",
       "      <td>0.419469</td>\n",
       "      <td>0.450904</td>\n",
       "      <td>0.484429</td>\n",
       "      <td>0.476380</td>\n",
       "      <td>0.362403</td>\n",
       "      <td>-0.236497</td>\n",
       "      <td>0.984599</td>\n",
       "      <td>1.000000</td>\n",
       "      <td>0.841055</td>\n",
       "      <td>0.257456</td>\n",
       "      <td>0.568864</td>\n",
       "      <td>0.039512</td>\n",
       "      <td>0.008475</td>\n",
       "      <td>0.128566</td>\n",
       "      <td>0.458782</td>\n",
       "      <td>0.430020</td>\n",
       "      <td>NaN</td>\n",
       "    </tr>\n",
       "    <tr>\n",
       "      <th>WSstdev</th>\n",
       "      <td>0.446526</td>\n",
       "      <td>0.383303</td>\n",
       "      <td>0.414711</td>\n",
       "      <td>0.443467</td>\n",
       "      <td>0.438523</td>\n",
       "      <td>0.342418</td>\n",
       "      <td>-0.177058</td>\n",
       "      <td>0.766948</td>\n",
       "      <td>0.841055</td>\n",
       "      <td>1.000000</td>\n",
       "      <td>0.363990</td>\n",
       "      <td>0.618606</td>\n",
       "      <td>0.015536</td>\n",
       "      <td>0.007977</td>\n",
       "      <td>0.105187</td>\n",
       "      <td>0.440687</td>\n",
       "      <td>0.423140</td>\n",
       "      <td>NaN</td>\n",
       "    </tr>\n",
       "    <tr>\n",
       "      <th>WD</th>\n",
       "      <td>0.079664</td>\n",
       "      <td>0.018839</td>\n",
       "      <td>0.102752</td>\n",
       "      <td>0.050262</td>\n",
       "      <td>0.061473</td>\n",
       "      <td>0.188081</td>\n",
       "      <td>0.282531</td>\n",
       "      <td>0.238566</td>\n",
       "      <td>0.257456</td>\n",
       "      <td>0.363990</td>\n",
       "      <td>1.000000</td>\n",
       "      <td>0.301671</td>\n",
       "      <td>-0.136511</td>\n",
       "      <td>0.004726</td>\n",
       "      <td>-0.012247</td>\n",
       "      <td>0.164692</td>\n",
       "      <td>0.205442</td>\n",
       "      <td>NaN</td>\n",
       "    </tr>\n",
       "    <tr>\n",
       "      <th>WDstdev</th>\n",
       "      <td>0.547242</td>\n",
       "      <td>0.471152</td>\n",
       "      <td>0.505968</td>\n",
       "      <td>0.538341</td>\n",
       "      <td>0.538331</td>\n",
       "      <td>0.469857</td>\n",
       "      <td>-0.218386</td>\n",
       "      <td>0.519071</td>\n",
       "      <td>0.568864</td>\n",
       "      <td>0.618606</td>\n",
       "      <td>0.301671</td>\n",
       "      <td>1.000000</td>\n",
       "      <td>-0.070848</td>\n",
       "      <td>0.008895</td>\n",
       "      <td>0.017208</td>\n",
       "      <td>0.590963</td>\n",
       "      <td>0.593734</td>\n",
       "      <td>NaN</td>\n",
       "    </tr>\n",
       "    <tr>\n",
       "      <th>BP</th>\n",
       "      <td>0.016913</td>\n",
       "      <td>0.029967</td>\n",
       "      <td>-0.009028</td>\n",
       "      <td>0.038301</td>\n",
       "      <td>0.039817</td>\n",
       "      <td>-0.553705</td>\n",
       "      <td>0.284643</td>\n",
       "      <td>0.040233</td>\n",
       "      <td>0.039512</td>\n",
       "      <td>0.015536</td>\n",
       "      <td>-0.136511</td>\n",
       "      <td>-0.070848</td>\n",
       "      <td>1.000000</td>\n",
       "      <td>0.016542</td>\n",
       "      <td>0.049600</td>\n",
       "      <td>-0.165229</td>\n",
       "      <td>-0.243616</td>\n",
       "      <td>NaN</td>\n",
       "    </tr>\n",
       "    <tr>\n",
       "      <th>Cleaning</th>\n",
       "      <td>0.007001</td>\n",
       "      <td>0.009934</td>\n",
       "      <td>0.013086</td>\n",
       "      <td>0.006567</td>\n",
       "      <td>0.007017</td>\n",
       "      <td>-0.010058</td>\n",
       "      <td>0.006437</td>\n",
       "      <td>0.007822</td>\n",
       "      <td>0.008475</td>\n",
       "      <td>0.007977</td>\n",
       "      <td>0.004726</td>\n",
       "      <td>0.008895</td>\n",
       "      <td>0.016542</td>\n",
       "      <td>1.000000</td>\n",
       "      <td>-0.001560</td>\n",
       "      <td>0.010442</td>\n",
       "      <td>0.007080</td>\n",
       "      <td>NaN</td>\n",
       "    </tr>\n",
       "    <tr>\n",
       "      <th>Precipitation</th>\n",
       "      <td>-0.036387</td>\n",
       "      <td>-0.032781</td>\n",
       "      <td>-0.035466</td>\n",
       "      <td>-0.035919</td>\n",
       "      <td>-0.035852</td>\n",
       "      <td>-0.045705</td>\n",
       "      <td>0.073785</td>\n",
       "      <td>0.126718</td>\n",
       "      <td>0.128566</td>\n",
       "      <td>0.105187</td>\n",
       "      <td>-0.012247</td>\n",
       "      <td>0.017208</td>\n",
       "      <td>0.049600</td>\n",
       "      <td>-0.001560</td>\n",
       "      <td>1.000000</td>\n",
       "      <td>-0.040636</td>\n",
       "      <td>-0.039901</td>\n",
       "      <td>NaN</td>\n",
       "    </tr>\n",
       "    <tr>\n",
       "      <th>TModA</th>\n",
       "      <td>0.920127</td>\n",
       "      <td>0.790340</td>\n",
       "      <td>0.825012</td>\n",
       "      <td>0.908981</td>\n",
       "      <td>0.912114</td>\n",
       "      <td>0.761701</td>\n",
       "      <td>-0.343841</td>\n",
       "      <td>0.429899</td>\n",
       "      <td>0.458782</td>\n",
       "      <td>0.440687</td>\n",
       "      <td>0.164692</td>\n",
       "      <td>0.590963</td>\n",
       "      <td>-0.165229</td>\n",
       "      <td>0.010442</td>\n",
       "      <td>-0.040636</td>\n",
       "      <td>1.000000</td>\n",
       "      <td>0.983443</td>\n",
       "      <td>NaN</td>\n",
       "    </tr>\n",
       "    <tr>\n",
       "      <th>TModB</th>\n",
       "      <td>0.874338</td>\n",
       "      <td>0.756007</td>\n",
       "      <td>0.777829</td>\n",
       "      <td>0.856101</td>\n",
       "      <td>0.862234</td>\n",
       "      <td>0.823353</td>\n",
       "      <td>-0.319846</td>\n",
       "      <td>0.400509</td>\n",
       "      <td>0.430020</td>\n",
       "      <td>0.423140</td>\n",
       "      <td>0.205442</td>\n",
       "      <td>0.593734</td>\n",
       "      <td>-0.243616</td>\n",
       "      <td>0.007080</td>\n",
       "      <td>-0.039901</td>\n",
       "      <td>0.983443</td>\n",
       "      <td>1.000000</td>\n",
       "      <td>NaN</td>\n",
       "    </tr>\n",
       "    <tr>\n",
       "      <th>Comments</th>\n",
       "      <td>NaN</td>\n",
       "      <td>NaN</td>\n",
       "      <td>NaN</td>\n",
       "      <td>NaN</td>\n",
       "      <td>NaN</td>\n",
       "      <td>NaN</td>\n",
       "      <td>NaN</td>\n",
       "      <td>NaN</td>\n",
       "      <td>NaN</td>\n",
       "      <td>NaN</td>\n",
       "      <td>NaN</td>\n",
       "      <td>NaN</td>\n",
       "      <td>NaN</td>\n",
       "      <td>NaN</td>\n",
       "      <td>NaN</td>\n",
       "      <td>NaN</td>\n",
       "      <td>NaN</td>\n",
       "      <td>NaN</td>\n",
       "    </tr>\n",
       "  </tbody>\n",
       "</table>\n",
       "</div>"
      ],
      "text/plain": [
       "                    GHI       DNI       DHI      ModA      ModB      Tamb  \\\n",
       "GHI            1.000000  0.882376  0.849989  0.994443  0.994869  0.547513   \n",
       "DNI            0.882376  1.000000  0.546602  0.892023  0.892012  0.467584   \n",
       "DHI            0.849989  0.546602  1.000000  0.829923  0.827886  0.503925   \n",
       "ModA           0.994443  0.892023  0.829923  1.000000  0.998745  0.526868   \n",
       "ModB           0.994869  0.892012  0.827886  0.998745  1.000000  0.525370   \n",
       "Tamb           0.547513  0.467584  0.503925  0.526868  0.525370  1.000000   \n",
       "RH            -0.360029 -0.373475 -0.285018 -0.383205 -0.365718 -0.414842   \n",
       "WS             0.457349  0.397099  0.426959  0.458483  0.450123  0.347188   \n",
       "WSgust         0.484144  0.419469  0.450904  0.484429  0.476380  0.362403   \n",
       "WSstdev        0.446526  0.383303  0.414711  0.443467  0.438523  0.342418   \n",
       "WD             0.079664  0.018839  0.102752  0.050262  0.061473  0.188081   \n",
       "WDstdev        0.547242  0.471152  0.505968  0.538341  0.538331  0.469857   \n",
       "BP             0.016913  0.029967 -0.009028  0.038301  0.039817 -0.553705   \n",
       "Cleaning       0.007001  0.009934  0.013086  0.006567  0.007017 -0.010058   \n",
       "Precipitation -0.036387 -0.032781 -0.035466 -0.035919 -0.035852 -0.045705   \n",
       "TModA          0.920127  0.790340  0.825012  0.908981  0.912114  0.761701   \n",
       "TModB          0.874338  0.756007  0.777829  0.856101  0.862234  0.823353   \n",
       "Comments            NaN       NaN       NaN       NaN       NaN       NaN   \n",
       "\n",
       "                     RH        WS    WSgust   WSstdev        WD   WDstdev  \\\n",
       "GHI           -0.360029  0.457349  0.484144  0.446526  0.079664  0.547242   \n",
       "DNI           -0.373475  0.397099  0.419469  0.383303  0.018839  0.471152   \n",
       "DHI           -0.285018  0.426959  0.450904  0.414711  0.102752  0.505968   \n",
       "ModA          -0.383205  0.458483  0.484429  0.443467  0.050262  0.538341   \n",
       "ModB          -0.365718  0.450123  0.476380  0.438523  0.061473  0.538331   \n",
       "Tamb          -0.414842  0.347188  0.362403  0.342418  0.188081  0.469857   \n",
       "RH             1.000000 -0.244108 -0.236497 -0.177058  0.282531 -0.218386   \n",
       "WS            -0.244108  1.000000  0.984599  0.766948  0.238566  0.519071   \n",
       "WSgust        -0.236497  0.984599  1.000000  0.841055  0.257456  0.568864   \n",
       "WSstdev       -0.177058  0.766948  0.841055  1.000000  0.363990  0.618606   \n",
       "WD             0.282531  0.238566  0.257456  0.363990  1.000000  0.301671   \n",
       "WDstdev       -0.218386  0.519071  0.568864  0.618606  0.301671  1.000000   \n",
       "BP             0.284643  0.040233  0.039512  0.015536 -0.136511 -0.070848   \n",
       "Cleaning       0.006437  0.007822  0.008475  0.007977  0.004726  0.008895   \n",
       "Precipitation  0.073785  0.126718  0.128566  0.105187 -0.012247  0.017208   \n",
       "TModA         -0.343841  0.429899  0.458782  0.440687  0.164692  0.590963   \n",
       "TModB         -0.319846  0.400509  0.430020  0.423140  0.205442  0.593734   \n",
       "Comments            NaN       NaN       NaN       NaN       NaN       NaN   \n",
       "\n",
       "                     BP  Cleaning  Precipitation     TModA     TModB  Comments  \n",
       "GHI            0.016913  0.007001      -0.036387  0.920127  0.874338       NaN  \n",
       "DNI            0.029967  0.009934      -0.032781  0.790340  0.756007       NaN  \n",
       "DHI           -0.009028  0.013086      -0.035466  0.825012  0.777829       NaN  \n",
       "ModA           0.038301  0.006567      -0.035919  0.908981  0.856101       NaN  \n",
       "ModB           0.039817  0.007017      -0.035852  0.912114  0.862234       NaN  \n",
       "Tamb          -0.553705 -0.010058      -0.045705  0.761701  0.823353       NaN  \n",
       "RH             0.284643  0.006437       0.073785 -0.343841 -0.319846       NaN  \n",
       "WS             0.040233  0.007822       0.126718  0.429899  0.400509       NaN  \n",
       "WSgust         0.039512  0.008475       0.128566  0.458782  0.430020       NaN  \n",
       "WSstdev        0.015536  0.007977       0.105187  0.440687  0.423140       NaN  \n",
       "WD            -0.136511  0.004726      -0.012247  0.164692  0.205442       NaN  \n",
       "WDstdev       -0.070848  0.008895       0.017208  0.590963  0.593734       NaN  \n",
       "BP             1.000000  0.016542       0.049600 -0.165229 -0.243616       NaN  \n",
       "Cleaning       0.016542  1.000000      -0.001560  0.010442  0.007080       NaN  \n",
       "Precipitation  0.049600 -0.001560       1.000000 -0.040636 -0.039901       NaN  \n",
       "TModA         -0.165229  0.010442      -0.040636  1.000000  0.983443       NaN  \n",
       "TModB         -0.243616  0.007080      -0.039901  0.983443  1.000000       NaN  \n",
       "Comments            NaN       NaN            NaN       NaN       NaN       NaN  "
      ]
     },
     "execution_count": 6,
     "metadata": {},
     "output_type": "execute_result"
    }
   ],
   "source": [
    "# describe_data(benin_df)\n",
    "dp.correlation()"
   ]
  },
  {
   "cell_type": "code",
   "execution_count": 7,
   "metadata": {},
   "outputs": [
    {
     "data": {
      "text/plain": [
       "Timestamp             0\n",
       "GHI                   0\n",
       "DNI                   0\n",
       "DHI                   0\n",
       "ModA                  0\n",
       "ModB                  0\n",
       "Tamb                  0\n",
       "RH                    0\n",
       "WS                    0\n",
       "WSgust                0\n",
       "WSstdev               0\n",
       "WD                    0\n",
       "WDstdev               0\n",
       "BP                    0\n",
       "Cleaning              0\n",
       "Precipitation         0\n",
       "TModA                 0\n",
       "TModB                 0\n",
       "Comments         525600\n",
       "dtype: int64"
      ]
     },
     "execution_count": 7,
     "metadata": {},
     "output_type": "execute_result"
    }
   ],
   "source": [
    "dp.check_missing_values()"
   ]
  },
  {
   "cell_type": "code",
   "execution_count": null,
   "metadata": {},
   "outputs": [
    {
     "name": "stdout",
     "output_type": "stream",
     "text": [
      "<class 'pandas.core.frame.DataFrame'>\n",
      "RangeIndex: 525600 entries, 0 to 525599\n",
      "Data columns (total 19 columns):\n",
      " #   Column         Non-Null Count   Dtype  \n",
      "---  ------         --------------   -----  \n",
      " 0   Timestamp      525600 non-null  object \n",
      " 1   GHI            525600 non-null  float64\n",
      " 2   DNI            525600 non-null  float64\n",
      " 3   DHI            525600 non-null  float64\n",
      " 4   ModA           525600 non-null  float64\n",
      " 5   ModB           525600 non-null  float64\n",
      " 6   Tamb           525600 non-null  float64\n",
      " 7   RH             525600 non-null  float64\n",
      " 8   WS             525600 non-null  float64\n",
      " 9   WSgust         525600 non-null  float64\n",
      " 10  WSstdev        525600 non-null  float64\n",
      " 11  WD             525600 non-null  float64\n",
      " 12  WDstdev        525600 non-null  float64\n",
      " 13  BP             525600 non-null  int64  \n",
      " 14  Cleaning       525600 non-null  int64  \n",
      " 15  Precipitation  525600 non-null  float64\n",
      " 16  TModA          525600 non-null  float64\n",
      " 17  TModB          525600 non-null  float64\n",
      " 18  Comments       0 non-null       float64\n",
      "dtypes: float64(16), int64(2), object(1)\n",
      "memory usage: 76.2+ MB\n"
     ]
    }
   ],
   "source": [
    "benin_df.info()"
   ]
  },
  {
   "cell_type": "code",
   "execution_count": null,
   "metadata": {},
   "outputs": [],
   "source": [
    "visual=benin_df.select_dtypes(include='float').corr()"
   ]
  },
  {
   "cell_type": "code",
   "execution_count": null,
   "metadata": {},
   "outputs": [],
   "source": [
    "import seaborn as sns\n",
    "import matplotlib.pyplot as plt"
   ]
  },
  {
   "cell_type": "code",
   "execution_count": null,
   "metadata": {},
   "outputs": [
    {
     "data": {
